0
77
96
-144
-311
0
467
337
-385
-701
0
856
577
-625
-1090
0
1246
818
-866
-1480
0
1636
1059
-1107
-1869
0
2025
1300
-1348
-2259
0
2415
1540
-1588
-2648
0
2804
1781
-1829
-3038
0
3194
2022
-2070
-3427
0
3583
2263
-2311
-3817
0
3973
2503
-2551
-4207
0
4362
2744
-2792
-4596
0
4752
2985
-3033
-4986
0
5141
3226
-3274
-5375
0
5531
3466
-3514
-5765
0
5920
3707
-3755
-6154
0
6310
3948
-3996
-6544
0
6699
4189
-4237
-6933
0
7089
4430
-4478
-7323
0
7479
4670
-4718
-7713
0
7868
4911
-4959
-8102
0
8258
5152
-5199
-8491
0
8647
5392
-5440
-8881
0
9037
5633
-5681
-9271
0
9426
5873
-5922
-9660
0
9816
6115
-6162
-10050
0
10205
6356
-6403
-10440
0
10595
6596
-6644
-10829
0
10984
6837
-6884
-11219
-1
11374
7079
-7126
-11608
0
11764
7319
-7366
-11998
0
12153
7560
-7606
-12387
-1
12543
7800
-7848
-12777
0
12932
8041
-8088
-13166
-1
13321
8283
-8330
-13555
0
13711
8522
-8570
-13945
0
14101
8764
-8810
-14335
-1
14491
9003
-9052
-14724
0
14880
9245
-9292
-15114
-1
15269
9487
-9531
-15503
0
15659
9726
-9773
-15893
-1
16048
9968
-10013
-16283
-2
16437
10210
-10253
-16673
-3
16827
10451
-10498
-17061
1
17218
10688
-10737
-17451
0
17607
10930
-10977
-17841
-1
17996
11172
-11217
-18231
-2
18385
11414
-11456
-18621
-3
18774
11655
-11696
-19009
1
19165
11892
-11941
-19399
0
19554
12134
-12181
-19789
-1
19943
12376
-12420
-20178
-2
20333
12618
-12660
-20568
-4
20722
12859
-12899
-20956
1
21113
13096
-13145
-21346
0
21502
13338
-13384
-21736
-1
21891
13579
-13624
-22126
-3
22280
13822
-13863
-22516
-4
22669
14064
-14103
-22906
1
23061
14299
-14349
-23294
0
23450
14541
-14588
-23684
-1
23839
14783
-14828
-24074
-3
24228
15026
-15067
-24464
-5
24617
15268
-15306
-24854
-6
25008
15503
-15552
-25242
0
25397
15745
-15792
-25632
-1
25786
15987
-16031
-26022
-3
26175
16230
-16270
-26412
-5
26564
16472
-16510
-26802
-7
26956
16707
-16756
-27189
0
27345
16949
-16995
-27579
-1
27734
17191
-17235
-27970
-3
28123
17434
-17474
-28360
-5
28512
17676
-17713
-28750
-7
28901
17910
-17960
-29137
0
29293
18153
-18199
-29527
-2
29682
18395
-18438
-29917
-4
30071
18638
-18677
-30308
-6
30460
18880
-18916
-30698
-8
30848
19114
-19164
-31085
0
31159
19260
-19250
-31163
-12
31162
19271
-19257
-31167
-4
31165
19264
-19264
-31165
4
31161
19257
-19253
-31162
-8
31163
19267
-19260
-31166
0
31159
19260
-19250
-31163
-12
31162
19271
-19257
-31167
-4
31165
19264
-19264
-31165
4
31161
19257
-19253
-31162
-8
31163
19267
-19260
-31166
0
31159
19260
-19250
-31163
-12
31162
19271
-19257
-31167
-4
31165
19264
-19264
-31165
4
31161
19257
-19253
-31162
-8
31163
19267
-19260
-31166
0
31159
19260
-19250
-31163
-12
31162
19271
-19257
-31167
-4
31158
19264
-19264
-31165
4
31161
19257
-19253
-31162
-8
31163
19267
-19260
-31166
0
31159
19260
-19250
-31163
-12
31162
19271
-19257
-31167
-4
31158
19264
-19264
-31165
4
31161
19257
-19253
-31162
-8
31163
19267
-19260
-31166
0
31159
19260
-19250
-31163
-12
31162
19271
-19257
-31167
-4
31158
19264
-19264
-31165
4
31161
19257
-19253
-31162
-8
31163
19267
-19260
-31166
0
31159
19260
-19250
-31163
-12
31162
19271
-19257
-31167
-4
31158
19264
-19246
-31165
4
31161
19257
-19253
-31162
-8
31163
19267
-19260
-31166
0
31159
19260
-19250
-31163
-12
31162
19271
-19257
-31167
-4
31158
19264
-19246
-31165
4
31161
19257
-19253
-31162
-8
31163
19267
-19260
-31166
0
31159
19260
-19250
-31163
-12
31162
19271
-19257
-31167
-4
31158
19264
-19246
-31165
4
31161
19257
-19253
-31162
-8
31163
19267
-19260
-31166
0
31159
19260
-19250
-31163
-12
31162
19271
-19257
-31167
-4
31158
19264
-19246
-31165
-17
31161
19257
-19253
-31162
-8
31163
19267
-19260
-31166
0
31159
19260
-19250
-31163
-12
31162
19271
-19257
-31167
-4
31158
19264
-19246
-31165
-17
31161
19257
-19253
-31162
-8
31163
19267
-19260
-31166
0
31159
19260
-19250
-31163
-12
31162
19271
-19257
-31167
-4
31158
19264
-19246
-31165
-17
31161
19257
-19253
-31162
-8
31163
19267
-19260
-31166
0
31159
19260
-19250
-31163
-12
31162
19271
-19257
-31167
-4
31158
19264
-19246
-31165
-17
31161
19257
-19253
-31162
-8
31163
19267
-19260
-31166
0
31159
19260
-19250
-31163
-12
31162
19271
-19257
-31167
-4
31158
19264
-19246
-31165
-17
31161
19274
-19253
-31162
-8
31163
19267
-19260
-31166
0
31159
19260
-19250
-31163
-12
31162
19271
-19257
-31167
-4
31158
19264
-19246
-31165
-17
31161
19274
-19253
-31162
-8
31163
19267
-19260
-31166
0
31159
19260
-19250
-31163
-12
31162
19271
-19257
-31167
-4
31158
19264
-19246
-31165
-17
31161
19274
-19253
-31162
-8
31163
19267
-19260
-31166
0
31166
19278
-19250
-31163
8
31155
19271
-19257
-31161
-25
31158
19264
-19264
-31171
-17
31161
19257
-19236
-31169
-8
31163
19250
-19243
-31166
0
31166
19278
-19250
-31163
8
31155
19271
-19257
-31161
-25
31158
19264
-19264
-31171
-17
31161
19257
-19236
-31169
-8
31163
19250
-19243
-31166
0
31166
19278
-19250
-31163
8
31155
19271
-19257
-31161
-25
31158
19264
-19264
-31171
-17
31161
19257
-19236
-31169
-8
31163
19250
-19243
-31166
0
31166
19278
-19250
-31163
8
31155
19271
-19257
-31161
-25
31158
19264
-19264
-31171
-17
31161
19257
-19236
-31169
-8
31163
19250
-19243
-31166
0
31166
19278
-19250
-31163
8
31155
19271
-19257
-31161
-25
31158
19264
-19264
-31171
-17
31161
19257
-19236
-31169
-8
31163
19250
-19243
-31166
0
31166
19278
-19250
-31163
8
31155
19271
-19257
-31161
-25
31158
19264
-19264
-31171
-17
31161
19257
-19236
-31169
-8
31163
19285
-19243
-31166
0
31166
19278
-19250
-31163
8
31155
19271
-19257
-31161
-25
31158
19264
-19264
-31171
-17
31161
19257
-19236
-31169
-8
31163
19285
-19243
-31166
0
31166
19278
-19250
-31163
8
31155
19271
-19257
-31161
-25
31158
19264
-19264
-31171
-17
31161
19257
-19236
-31169
-8
31163
19285
-19243
-31166
0
31166
19278
-19250
-31163
8
31155
19271
-19257
-31161
-25
31158
19264
-19264
-31171
-17
31161
19257
-19236
-31169
-8
31163
19285
-19243
-31166
0
31166
19278
-19250
-31163
8
31155
19271
-19257
-31161
-25
31158
19264
-19264
-31171
-17
31161
19257
-19236
-31169
-8
31163
19285
-19243
-31166
0
31166
19278
-19250
-31163
8
31155
19271
-19257
-31161
-25
31158
19264
-19264
-31171
-17
31161
19257
-19236
-31169
-8
31163
19285
-19243
-31166
0
31166
19278
-19250
-31163
8
31155
19271
-19257
-31161
-25
31158
19264
-19264
-31171
-17
31161
19257
-19236
-31169
-8
31163
19285
-19243
-31166
0
31104
19201
-19134
-30914
8
30781
19001
-18949
-30600
-25
30472
18801
-18763
-30298
-16
30163
18602
-18543
-29984
-8
29854
18436
-18357
-29670
0
29533
18237
-18172
-29356
8
29224
18037
-17986
-29042
-24
28915
17838
-17800
-28740
-15
28605
17639
-17581
-28426
-7
28296
17472
-17395
-28112
0
27975
17273
-17209
-27798
7
27666
17074
-17023
-27484
-22
27357
16875
-16836
-27181
-15
27047
16676
-16620
-26867
-7
26738
16508
-16433
-26553
0
26417
16309
-16247
-26239
7
26108
16110
-16060
-25926
-21
25799
15912
-15873
-25623
-14
25489
15713
-15658
-25309
-6
25180
15543
-15471
-24995
0
24860
15345
-15284
-24681
6
24550
15147
-15097
-24368
-20
24241
14948
-14910
-24064
-13
23931
14750
-14696
-23750
-6
23622
14579
-14509
-23437
0
23302
14381
-14322
-23123
6
22992
14183
-14134
-22809
-18
22683
13985
-13947
-22506
-12
22373
13788
-13734
-22192
-6
22063
13615
-13547
-21878
0
21744
13417
-13359
-21565
5
21435
13220
-13171
-21251
-17
21125
13022
-12984
-20947
-11
20815
12825
-12772
-20633
-5
20505
12651
-12585
-20320
0
20187
12453
-12397
-20007
-22
19877
12256
-12209
-19693
-16
19567
12059
-12020
-19388
-10
19257
11862
-11811
-19075
-5
18947
11686
-11622
-18762
0
18629
11489
-11434
-18448
-20
18319
11292
-11246
-18135
-15
18009
11096
-11057
-17830
-9
17699
10899
-10849
-17517
-4
17389
10722
-10660
-17203
0
17071
10525
-10472
-16890
-18
16761
10329
-10283
-16577
-13
16451
10132
-10094
-16271
-8
16141
9936
-9887
-15958
-4
15831
9758
-9698
-15645
0
15514
9561
-9509
-15332
-16
15204
9365
-9320
-15019
-12
14893
9169
-9131
-14713
-8
14583
8973
-8925
-14400
-3
14273
8794
-8736
-14087
0
13956
8598
-8547
-13774
-15
13646
8402
-8357
-13461
-11
13335
8206
-8167
-13154
-7
13025
8010
-7963
-12841
-3
12714
7829
-7774
-12528
0
12398
7634
-7584
-12216
-13
12088
7438
-7394
-11903
-9
11777
7243
-7204
-11595
-6
11467
7048
-7001
-11283
-3
11156
6865
-6812
-10970
0
10841
6670
-6622
-10658
-11
10530
6475
-6431
-10345
-8
10219
6280
-6241
-10037
-5
9909
6085
-6040
-9724
-2
9598
5901
-5849
-9412
0
9283
5706
-5659
-9099
-10
8972
5511
-5469
-8791
-7
8662
5316
-5278
-8478
-4
8351
5122
-5078
-8166
-2
8040
4936
-4887
-7853
0
7725
4742
-4697
-7541
-8
7415
4547
-4506
-7232
-5
7104
4353
-4315
-6920
-3
6793
4159
-4116
-6607
-1
6482
3972
-3925
-6295
0
6168
3778
-3734
-5983
-6
5857
3584
-3543
-5673
-4
5546
3390
-3351
-5361
-2
5235
3196
-3154
-5049
-1
4923
3008
-2963
-4737
0
4610
2814
-2772
-4425
-4
4299
2620
-2580
-4115
-3
3988
2427
-2388
-3802
-2
3677
2233
-2192
-3490
0
3365
2044
-2001
-3178
0
3053
1850
-1809
-2867
-3
2741
1657
-1617
-2556
-2
2430
1464
-1425
-2244
-1
2118
1270
-1231
-1932
0
1807
1079
-1039
-1620
0
1495
886
-847
-1308
-1
1183
693
-654
-997
0
872
500
-462
-685
0
560
308
-269
-374
0
249
115
-76
-62
